0.0000	1.4135	2.1158	2.5348	2.7665	3.0123	3.1680	3.2840	3.3995	3.4644	3.5392	3.5882	3.6470	3.6934	3.7386	3.7787	3.8171	3.8502	3.8805	3.9146	4.0108	4.0238	3.9206	3.9549	3.9681	3.9789	4.0322	4.0460	4.0669	3.2913	4.1023	4.3787	1
-1.4135	0.0000	0.7022	1.1212	1.3529	1.5987	1.7544	1.8704	1.9860	2.0509	2.1256	2.1747	2.2335	2.2798	2.3250	2.3652	2.4036	2.4367	2.4670	2.5010	2.5972	2.6102	2.5071	2.5413	2.5546	2.5653	2.6186	2.6324	2.6534	1.8777	2.6888	2.9652	1
-2.1158	-0.7022	0.0000	0.4190	0.6507	0.8965	1.0522	1.1682	1.2838	1.3487	1.4234	1.4725	1.5313	1.5776	1.6228	1.6630	1.7014	1.7345	1.7648	1.7988	1.8950	1.9080	1.8049	1.8391	1.8524	1.8631	1.9164	1.9302	1.9512	1.1755	1.9866	2.2630	1
-2.5348	-1.1212	-0.4190	0.0000	0.2317	0.4775	0.6332	0.7492	0.8647	0.9297	1.0044	1.0535	1.1122	1.1586	1.2038	1.2439	1.2823	1.3154	1.3458	1.3798	1.4760	1.4890	1.3858	1.4201	1.4333	1.4441	1.4974	1.5112	1.5321	0.7565	1.5676	1.8439	1
-2.7665	-1.3529	-0.6507	-0.2317	0.0000	0.2458	0.4015	0.5175	0.6330	0.6980	0.7727	0.8218	0.8806	0.9269	0.9721	1.0122	1.0506	1.0838	1.1141	1.1481	1.2443	1.2573	1.1541	1.1884	1.2017	1.2124	1.2657	1.2795	1.3004	0.5248	1.3359	1.6122	1
-3.0123	-1.5987	-0.8965	-0.4775	-0.2458	0.0000	0.1557	0.2717	0.3872	0.4522	0.5269	0.5760	0.6348	0.6811	0.7263	0.7664	0.8048	0.8380	0.8683	0.9023	0.9985	1.0115	0.9083	0.9426	0.9559	0.9666	1.0199	1.0337	1.0546	0.2790	1.0901	1.3664	1
-3.1680	-1.7544	-1.0522	-0.6332	-0.4015	-0.1557	0.0000	0.1160	0.2316	0.2965	0.3712	0.4203	0.4791	0.5254	0.5706	0.6107	0.6492	0.6823	0.7126	0.7466	0.8428	0.8558	0.7526	0.7869	0.8002	0.8109	0.8642	0.8780	0.8989	0.1233	0.9344	1.2107	1
-3.2840	-1.8704	-1.1682	-0.7492	-0.5175	-0.2717	-0.1160	0.0000	0.1155	0.1805	0.2552	0.3043	0.3631	0.4094	0.4546	0.4947	0.5331	0.5663	0.5966	0.6306	0.7268	0.7398	0.6366	0.6709	0.6842	0.6949	0.7482	0.7620	0.7829	0.0073	0.8184	1.0947	1
-3.3995	-1.9860	-1.2838	-0.8647	-0.6330	-0.3872	-0.2316	-0.1155	0.0000	0.0649	0.1397	0.1887	0.2475	0.2939	0.3391	0.3792	0.4176	0.4507	0.4810	0.5150	0.6113	0.6243	0.5211	0.5553	0.5686	0.5793	0.6327	0.6465	0.6674	-0.1082	0.7028	0.9792	1
-3.4644	-2.0509	-1.3487	-0.9297	-0.6980	-0.4522	-0.2965	-0.1805	-0.0649	0.0000	0.0747	0.1238	0.1826	0.2289	0.2741	0.3143	0.3527	0.3858	0.4161	0.4501	0.5463	0.5593	0.4562	0.4904	0.5037	0.5144	0.5677	0.5815	0.6025	-0.1732	0.6379	0.9143	1
-3.5392	-2.1256	-1.4234	-1.0044	-0.7727	-0.5269	-0.3712	-0.2552	-0.1397	-0.0747	0.0000	0.0491	0.1079	0.1542	0.1994	0.2395	0.2779	0.3111	0.3414	0.3754	0.4716	0.4846	0.3814	0.4157	0.4290	0.4397	0.4930	0.5068	0.5277	-0.2479	0.5632	0.8395	1
-3.5882	-2.1747	-1.4725	-1.0535	-0.8218	-0.5760	-0.4203	-0.3043	-0.1887	-0.1238	-0.0491	0.0000	0.0588	0.1051	0.1503	0.1905	0.2289	0.2620	0.2923	0.3263	0.4225	0.4355	0.3324	0.3666	0.3799	0.3906	0.4439	0.4577	0.4787	-0.2970	0.5141	0.7905	1
-3.6470	-2.2335	-1.5313	-1.1122	-0.8806	-0.6348	-0.4791	-0.3631	-0.2475	-0.1826	-0.1079	-0.0588	0.0000	0.0463	0.0915	0.1317	0.1701	0.2032	0.2335	0.2675	0.3638	0.3767	0.2736	0.3078	0.3211	0.3318	0.3851	0.3990	0.4199	-0.3558	0.4553	0.7317	1
-3.6934	-2.2798	-1.5776	-1.1586	-0.9269	-0.6811	-0.5254	-0.4094	-0.2939	-0.2289	-0.1542	-0.1051	-0.0463	0.0000	0.0452	0.0853	0.1237	0.1569	0.1872	0.2212	0.3174	0.3304	0.2272	0.2615	0.2747	0.2855	0.3388	0.3526	0.3735	-0.4021	0.4090	0.6853	1
-3.7386	-2.3250	-1.6228	-1.2038	-0.9721	-0.7263	-0.5706	-0.4546	-0.3391	-0.2741	-0.1994	-0.1503	-0.0915	-0.0452	0.0000	0.0401	0.0785	0.1116	0.1420	0.1760	0.2722	0.2852	0.1820	0.2163	0.2295	0.2403	0.2936	0.3074	0.3283	-0.4473	0.3638	0.6401	1
-3.7787	-2.3652	-1.6630	-1.2439	-1.0122	-0.7664	-0.6107	-0.4947	-0.3792	-0.3143	-0.2395	-0.1905	-0.1317	-0.0853	-0.0401	0.0000	0.0384	0.0715	0.1018	0.1358	0.2321	0.2451	0.1419	0.1761	0.1894	0.2001	0.2535	0.2673	0.2882	-0.4874	0.3236	0.6000	1
-3.8171	-2.4036	-1.7014	-1.2823	-1.0506	-0.8048	-0.6492	-0.5331	-0.4176	-0.3527	-0.2779	-0.2289	-0.1701	-0.1237	-0.0785	-0.0384	0.0000	0.0331	0.0634	0.0974	0.1937	0.2067	0.1035	0.1377	0.1510	0.1617	0.2151	0.2289	0.2498	-0.5258	0.2852	0.5616	1
-3.8502	-2.4367	-1.7345	-1.3154	-1.0838	-0.8380	-0.6823	-0.5663	-0.4507	-0.3858	-0.3111	-0.2620	-0.2032	-0.1569	-0.1116	-0.0715	-0.0331	0.0000	0.0303	0.0643	0.1606	0.1735	0.0704	0.1046	0.1179	0.1286	0.1820	0.1958	0.2167	-0.5590	0.2521	0.5285	1
-3.8805	-2.4670	-1.7648	-1.3458	-1.1141	-0.8683	-0.7126	-0.5966	-0.4810	-0.4161	-0.3414	-0.2923	-0.2335	-0.1872	-0.1420	-0.1018	-0.0634	-0.0303	0.0000	0.0340	0.1303	0.1432	0.0401	0.0743	0.0876	0.0983	0.1516	0.1654	0.1864	-0.5893	0.2218	0.4982	1
-3.9146	-2.5010	-1.7988	-1.3798	-1.1481	-0.9023	-0.7466	-0.6306	-0.5150	-0.4501	-0.3754	-0.3263	-0.2675	-0.2212	-0.1760	-0.1358	-0.0974	-0.0643	-0.0340	0.0000	0.0962	0.1092	0.0060	0.0403	0.0536	0.0643	0.1176	0.1314	0.1524	-0.6233	0.1878	0.4642	1
-4.0108	-2.5972	-1.8950	-1.4760	-1.2443	-0.9985	-0.8428	-0.7268	-0.6113	-0.5463	-0.4716	-0.4225	-0.3638	-0.3174	-0.2722	-0.2321	-0.1937	-0.1606	-0.1303	-0.0962	0.0000	0.0130	-0.0902	-0.0559	-0.0427	-0.0319	0.0214	0.0352	0.0561	-0.7195	0.0916	0.3679	1
-4.0238	-2.6102	-1.9080	-1.4890	-1.2573	-1.0115	-0.8558	-0.7398	-0.6243	-0.5593	-0.4846	-0.4355	-0.3767	-0.3304	-0.2852	-0.2451	-0.2067	-0.1735	-0.1432	-0.1092	-0.0130	0.0000	-0.1032	-0.0689	-0.0556	-0.0449	0.0084	0.0222	0.0431	-0.7325	0.0786	0.3549	1
-3.9206	-2.5071	-1.8049	-1.3858	-1.1541	-0.9083	-0.7526	-0.6366	-0.5211	-0.4562	-0.3814	-0.3324	-0.2736	-0.2272	-0.1820	-0.1419	-0.1035	-0.0704	-0.0401	-0.0060	0.0902	0.1032	0.0000	0.0342	0.0475	0.0582	0.1116	0.1254	0.1463	-0.6293	0.1817	0.4581	1
-3.9549	-2.5413	-1.8391	-1.4201	-1.1884	-0.9426	-0.7869	-0.6709	-0.5553	-0.4904	-0.4157	-0.3666	-0.3078	-0.2615	-0.2163	-0.1761	-0.1377	-0.1046	-0.0743	-0.0403	0.0559	0.0689	-0.0342	0.0000	0.0133	0.0240	0.0773	0.0911	0.1121	-0.6636	0.1475	0.4239	1
-3.9681	-2.5546	-1.8524	-1.4333	-1.2017	-0.9559	-0.8002	-0.6842	-0.5686	-0.5037	-0.4290	-0.3799	-0.3211	-0.2747	-0.2295	-0.1894	-0.1510	-0.1179	-0.0876	-0.0536	0.0427	0.0556	-0.0475	-0.0133	0.0000	0.0107	0.0641	0.0779	0.0988	-0.6769	0.1342	0.4106	1
-3.9789	-2.5653	-1.8631	-1.4441	-1.2124	-0.9666	-0.8109	-0.6949	-0.5793	-0.5144	-0.4397	-0.3906	-0.3318	-0.2855	-0.2403	-0.2001	-0.1617	-0.1286	-0.0983	-0.0643	0.0319	0.0449	-0.0582	-0.0240	-0.0107	0.0000	0.0533	0.0671	0.0881	-0.6876	0.1235	0.3999	1
-4.0322	-2.6186	-1.9164	-1.4974	-1.2657	-1.0199	-0.8642	-0.7482	-0.6327	-0.5677	-0.4930	-0.4439	-0.3851	-0.3388	-0.2936	-0.2535	-0.2151	-0.1820	-0.1516	-0.1176	-0.0214	-0.0084	-0.1116	-0.0773	-0.0641	-0.0533	0.0000	0.0138	0.0347	-0.7409	0.0702	0.3465	1
-4.0460	-2.6324	-1.9302	-1.5112	-1.2795	-1.0337	-0.8780	-0.7620	-0.6465	-0.5815	-0.5068	-0.4577	-0.3990	-0.3526	-0.3074	-0.2673	-0.2289	-0.1958	-0.1654	-0.1314	-0.0352	-0.0222	-0.1254	-0.0911	-0.0779	-0.0671	-0.0138	0.0000	0.0209	-0.7547	0.0564	0.3327	1
-4.0669	-2.6534	-1.9512	-1.5321	-1.3004	-1.0546	-0.8989	-0.7829	-0.6674	-0.6025	-0.5277	-0.4787	-0.4199	-0.3735	-0.3283	-0.2882	-0.2498	-0.2167	-0.1864	-0.1524	-0.0561	-0.0431	-0.1463	-0.1121	-0.0988	-0.0881	-0.0347	-0.0209	0.0000	-0.7756	0.0354	0.3118	1
-3.2913	-1.8777	-1.1755	-0.7565	-0.5248	-0.2790	-0.1233	-0.0073	0.1082	0.1732	0.2479	0.2970	0.3558	0.4021	0.4473	0.4874	0.5258	0.5590	0.5893	0.6233	0.7195	0.7325	0.6293	0.6636	0.6769	0.6876	0.7409	0.7547	0.7756	0.0000	0.8111	1.0874	1
-4.1023	-2.6888	-1.9866	-1.5676	-1.3359	-1.0901	-0.9344	-0.8184	-0.7028	-0.6379	-0.5632	-0.5141	-0.4553	-0.4090	-0.3638	-0.3236	-0.2852	-0.2521	-0.2218	-0.1878	-0.0916	-0.0786	-0.1817	-0.1475	-0.1342	-0.1235	-0.0702	-0.0564	-0.0354	-0.8111	0.0000	0.2764	1
-4.3787	-2.9652	-2.2630	-1.8439	-1.6122	-1.3664	-1.2107	-1.0947	-0.9792	-0.9143	-0.8395	-0.7905	-0.7317	-0.6853	-0.6401	-0.6000	-0.5616	-0.5285	-0.4982	-0.4642	-0.3679	-0.3549	-0.4581	-0.4239	-0.4106	-0.3999	-0.3465	-0.3327	-0.3118	-1.0874	-0.2764	0.0000	1
-1	-1	-1	-1	-1	-1	-1	-1	-1	-1	-1	-1	-1	-1	-1	-1	-1	-1	-1	-1	-1	-1	-1	-1	-1	-1	-1	-1	-1	-1	-1	-1	0.0000	
