0.0000	1.3077	1.9198	2.2723	2.4801	2.6331	2.7523	2.8422	2.9301	2.9794	3.0167	3.0214	3.0485	3.0715	3.0906	3.1460	3.1375	3.1842	3.2156	3.2156	3.2156	3.2156	3.2156	3.2156	3.2156	3.2156	3.2156	3.2156	3.2156	3.2156	3.2156	3.2156	1.1795
-1.3077	0.0000	0.6122	0.9647	1.1724	1.3254	1.4446	1.5345	1.6224	1.6718	1.7090	1.7137	1.7408	1.7638	1.7829	1.8383	1.8298	1.8766	1.9080	1.9080	1.9080	1.9080	1.9080	1.9080	1.9080	1.9080	1.9080	1.9080	1.9080	1.9080	1.9080	1.9080	-0.1281
-1.9198	-0.6122	0.0000	0.3525	0.5602	0.7133	0.8325	0.9224	1.0102	1.0596	1.0969	1.1016	1.1286	1.1516	1.1707	1.2262	1.2176	1.2644	1.2958	1.2958	1.2958	1.2958	1.2958	1.2958	1.2958	1.2958	1.2958	1.2958	1.2958	1.2958	1.2958	1.2958	-0.7403
-2.2723	-0.9647	-0.3525	0.0000	0.2077	0.3608	0.4800	0.5698	0.6577	0.7071	0.7444	0.7491	0.7761	0.7991	0.8182	0.8737	0.8651	0.9119	0.9433	0.9433	0.9433	0.9433	0.9433	0.9433	0.9433	0.9433	0.9433	0.9433	0.9433	0.9433	0.9433	0.9433	-1.0928
-2.4801	-1.1724	-0.5602	-0.2077	0.0000	0.1530	0.2723	0.3621	0.4500	0.4994	0.5366	0.5413	0.5684	0.5914	0.6105	0.6660	0.6574	0.7042	0.7356	0.7356	0.7356	0.7356	0.7356	0.7356	0.7356	0.7356	0.7356	0.7356	0.7356	0.7356	0.7356	0.7356	-1.3005
-2.6331	-1.3254	-0.7133	-0.3608	-0.1530	0.0000	0.1192	0.2091	0.2969	0.3463	0.3836	0.3883	0.4153	0.4384	0.4575	0.5129	0.5043	0.5511	0.5825	0.5825	0.5825	0.5825	0.5825	0.5825	0.5825	0.5825	0.5825	0.5825	0.5825	0.5825	0.5825	0.5825	-1.4536
-2.7523	-1.4446	-0.8325	-0.4800	-0.2723	-0.1192	0.0000	0.0899	0.1777	0.2271	0.2644	0.2691	0.2961	0.3192	0.3382	0.3937	0.3851	0.4319	0.4633	0.4633	0.4633	0.4633	0.4633	0.4633	0.4633	0.4633	0.4633	0.4633	0.4633	0.4633	0.4633	0.4633	-1.5728
-2.8422	-1.5345	-0.9224	-0.5698	-0.3621	-0.2091	-0.0899	0.0000	0.0879	0.1372	0.1745	0.1792	0.2063	0.2293	0.2484	0.3038	0.2953	0.3421	0.3735	0.3735	0.3735	0.3735	0.3735	0.3735	0.3735	0.3735	0.3735	0.3735	0.3735	0.3735	0.3735	0.3735	-1.6627
-2.9301	-1.6224	-1.0102	-0.6577	-0.4500	-0.2969	-0.1777	-0.0879	0.0000	0.0494	0.0867	0.0913	0.1184	0.1414	0.1605	0.2160	0.2074	0.2542	0.2856	0.2856	0.2856	0.2856	0.2856	0.2856	0.2856	0.2856	0.2856	0.2856	0.2856	0.2856	0.2856	0.2856	-1.7505
-2.9794	-1.6718	-1.0596	-0.7071	-0.4994	-0.3463	-0.2271	-0.1372	-0.0494	0.0000	0.0373	0.0420	0.0690	0.0920	0.1111	0.1666	0.1580	0.2048	0.2362	0.2362	0.2362	0.2362	0.2362	0.2362	0.2362	0.2362	0.2362	0.2362	0.2362	0.2362	0.2362	0.2362	-1.7999
-3.0167	-1.7090	-1.0969	-0.7444	-0.5366	-0.3836	-0.2644	-0.1745	-0.0867	-0.0373	0.0000	0.0047	0.0317	0.0548	0.0739	0.1293	0.1207	0.1675	0.1989	0.1989	0.1989	0.1989	0.1989	0.1989	0.1989	0.1989	0.1989	0.1989	0.1989	0.1989	0.1989	0.1989	-1.8372
-3.0214	-1.7137	-1.1016	-0.7491	-0.5413	-0.3883	-0.2691	-0.1792	-0.0913	-0.0420	-0.0047	0.0000	0.0271	0.0501	0.0692	0.1246	0.1161	0.1629	0.1943	0.1943	0.1943	0.1943	0.1943	0.1943	0.1943	0.1943	0.1943	0.1943	0.1943	0.1943	0.1943	0.1943	-1.8419
-3.0485	-1.7408	-1.1286	-0.7761	-0.5684	-0.4153	-0.2961	-0.2063	-0.1184	-0.0690	-0.0317	-0.0271	0.0000	0.0230	0.0421	0.0976	0.0890	0.1358	0.1672	0.1672	0.1672	0.1672	0.1672	0.1672	0.1672	0.1672	0.1672	0.1672	0.1672	0.1672	0.1672	0.1672	-1.8689
-3.0715	-1.7638	-1.1516	-0.7991	-0.5914	-0.4384	-0.3192	-0.2293	-0.1414	-0.0920	-0.0548	-0.0501	-0.0230	0.0000	0.0191	0.0745	0.0660	0.1128	0.1442	0.1442	0.1442	0.1442	0.1442	0.1442	0.1442	0.1442	0.1442	0.1442	0.1442	0.1442	0.1442	0.1442	-1.8919
-3.0906	-1.7829	-1.1707	-0.8182	-0.6105	-0.4575	-0.3382	-0.2484	-0.1605	-0.1111	-0.0739	-0.0692	-0.0421	-0.0191	0.0000	0.0554	0.0469	0.0937	0.1251	0.1251	0.1251	0.1251	0.1251	0.1251	0.1251	0.1251	0.1251	0.1251	0.1251	0.1251	0.1251	0.1251	-1.9110
-3.1460	-1.8383	-1.2262	-0.8737	-0.6660	-0.5129	-0.3937	-0.3038	-0.2160	-0.1666	-0.1293	-0.1246	-0.0976	-0.0745	-0.0554	0.0000	-0.0086	0.0382	0.0696	0.0696	0.0696	0.0696	0.0696	0.0696	0.0696	0.0696	0.0696	0.0696	0.0696	0.0696	0.0696	0.0696	-1.9665
-3.1375	-1.8298	-1.2176	-0.8651	-0.6574	-0.5043	-0.3851	-0.2953	-0.2074	-0.1580	-0.1207	-0.1161	-0.0890	-0.0660	-0.0469	0.0086	0.0000	0.0468	0.0782	0.0782	0.0782	0.0782	0.0782	0.0782	0.0782	0.0782	0.0782	0.0782	0.0782	0.0782	0.0782	0.0782	-1.9579
-3.1842	-1.8766	-1.2644	-0.9119	-0.7042	-0.5511	-0.4319	-0.3421	-0.2542	-0.2048	-0.1675	-0.1629	-0.1358	-0.1128	-0.0937	-0.0382	-0.0468	0.0000	0.0314	0.0314	0.0314	0.0314	0.0314	0.0314	0.0314	0.0314	0.0314	0.0314	0.0314	0.0314	0.0314	0.0314	-2.0047
-3.2156	-1.9080	-1.2958	-0.9433	-0.7356	-0.5825	-0.4633	-0.3735	-0.2856	-0.2362	-0.1989	-0.1943	-0.1672	-0.1442	-0.1251	-0.0696	-0.0782	-0.0314	0.0000	0.0000	0.0000	0.0000	0.0000	0.0000	0.0000	0.0000	0.0000	0.0000	0.0000	0.0000	0.0000	0.0000	-2.0361
-3.2156	-1.9080	-1.2958	-0.9433	-0.7356	-0.5825	-0.4633	-0.3735	-0.2856	-0.2362	-0.1989	-0.1943	-0.1672	-0.1442	-0.1251	-0.0696	-0.0782	-0.0314	0.0000	0.0000	0.0000	0.0000	0.0000	0.0000	0.0000	0.0000	0.0000	0.0000	0.0000	0.0000	0.0000	0.0000	-2.0361
-3.2156	-1.9080	-1.2958	-0.9433	-0.7356	-0.5825	-0.4633	-0.3735	-0.2856	-0.2362	-0.1989	-0.1943	-0.1672	-0.1442	-0.1251	-0.0696	-0.0782	-0.0314	0.0000	0.0000	0.0000	0.0000	0.0000	0.0000	0.0000	0.0000	0.0000	0.0000	0.0000	0.0000	0.0000	0.0000	-2.0361
-3.2156	-1.9080	-1.2958	-0.9433	-0.7356	-0.5825	-0.4633	-0.3735	-0.2856	-0.2362	-0.1989	-0.1943	-0.1672	-0.1442	-0.1251	-0.0696	-0.0782	-0.0314	0.0000	0.0000	0.0000	0.0000	0.0000	0.0000	0.0000	0.0000	0.0000	0.0000	0.0000	0.0000	0.0000	0.0000	-2.0361
-3.2156	-1.9080	-1.2958	-0.9433	-0.7356	-0.5825	-0.4633	-0.3735	-0.2856	-0.2362	-0.1989	-0.1943	-0.1672	-0.1442	-0.1251	-0.0696	-0.0782	-0.0314	0.0000	0.0000	0.0000	0.0000	0.0000	0.0000	0.0000	0.0000	0.0000	0.0000	0.0000	0.0000	0.0000	0.0000	-2.0361
-3.2156	-1.9080	-1.2958	-0.9433	-0.7356	-0.5825	-0.4633	-0.3735	-0.2856	-0.2362	-0.1989	-0.1943	-0.1672	-0.1442	-0.1251	-0.0696	-0.0782	-0.0314	0.0000	0.0000	0.0000	0.0000	0.0000	0.0000	0.0000	0.0000	0.0000	0.0000	0.0000	0.0000	0.0000	0.0000	-2.0361
-3.2156	-1.9080	-1.2958	-0.9433	-0.7356	-0.5825	-0.4633	-0.3735	-0.2856	-0.2362	-0.1989	-0.1943	-0.1672	-0.1442	-0.1251	-0.0696	-0.0782	-0.0314	0.0000	0.0000	0.0000	0.0000	0.0000	0.0000	0.0000	0.0000	0.0000	0.0000	0.0000	0.0000	0.0000	0.0000	-2.0361
-3.2156	-1.9080	-1.2958	-0.9433	-0.7356	-0.5825	-0.4633	-0.3735	-0.2856	-0.2362	-0.1989	-0.1943	-0.1672	-0.1442	-0.1251	-0.0696	-0.0782	-0.0314	0.0000	0.0000	0.0000	0.0000	0.0000	0.0000	0.0000	0.0000	0.0000	0.0000	0.0000	0.0000	0.0000	0.0000	-2.0361
-3.2156	-1.9080	-1.2958	-0.9433	-0.7356	-0.5825	-0.4633	-0.3735	-0.2856	-0.2362	-0.1989	-0.1943	-0.1672	-0.1442	-0.1251	-0.0696	-0.0782	-0.0314	0.0000	0.0000	0.0000	0.0000	0.0000	0.0000	0.0000	0.0000	0.0000	0.0000	0.0000	0.0000	0.0000	0.0000	-2.0361
-3.2156	-1.9080	-1.2958	-0.9433	-0.7356	-0.5825	-0.4633	-0.3735	-0.2856	-0.2362	-0.1989	-0.1943	-0.1672	-0.1442	-0.1251	-0.0696	-0.0782	-0.0314	0.0000	0.0000	0.0000	0.0000	0.0000	0.0000	0.0000	0.0000	0.0000	0.0000	0.0000	0.0000	0.0000	0.0000	-2.0361
-3.2156	-1.9080	-1.2958	-0.9433	-0.7356	-0.5825	-0.4633	-0.3735	-0.2856	-0.2362	-0.1989	-0.1943	-0.1672	-0.1442	-0.1251	-0.0696	-0.0782	-0.0314	0.0000	0.0000	0.0000	0.0000	0.0000	0.0000	0.0000	0.0000	0.0000	0.0000	0.0000	0.0000	0.0000	0.0000	-2.0361
-3.2156	-1.9080	-1.2958	-0.9433	-0.7356	-0.5825	-0.4633	-0.3735	-0.2856	-0.2362	-0.1989	-0.1943	-0.1672	-0.1442	-0.1251	-0.0696	-0.0782	-0.0314	0.0000	0.0000	0.0000	0.0000	0.0000	0.0000	0.0000	0.0000	0.0000	0.0000	0.0000	0.0000	0.0000	0.0000	-2.0361
-3.2156	-1.9080	-1.2958	-0.9433	-0.7356	-0.5825	-0.4633	-0.3735	-0.2856	-0.2362	-0.1989	-0.1943	-0.1672	-0.1442	-0.1251	-0.0696	-0.0782	-0.0314	0.0000	0.0000	0.0000	0.0000	0.0000	0.0000	0.0000	0.0000	0.0000	0.0000	0.0000	0.0000	0.0000	0.0000	-2.0361
-3.2156	-1.9080	-1.2958	-0.9433	-0.7356	-0.5825	-0.4633	-0.3735	-0.2856	-0.2362	-0.1989	-0.1943	-0.1672	-0.1442	-0.1251	-0.0696	-0.0782	-0.0314	0.0000	0.0000	0.0000	0.0000	0.0000	0.0000	0.0000	0.0000	0.0000	0.0000	0.0000	0.0000	0.0000	0.0000	-2.0361
-1.1795	0.1281	0.7403	1.0928	1.3005	1.4536	1.5728	1.6627	1.7505	1.7999	1.8372	1.8419	1.8689	1.8919	1.9110	1.9665	1.9579	2.0047	2.0361	2.0361	2.0361	2.0361	2.0361	2.0361	2.0361	2.0361	2.0361	2.0361	2.0361	2.0361	2.0361	2.0361	0.0000
