0.0000	1.2224	1.8511	2.2193	2.4545	2.6339	2.7581	2.8691	2.9377	3.0127	3.0572	3.0737	3.0876	3.1328	3.1516	3.2228	3.1791	3.2336	3.2618	3.2618	3.2618	3.2618	3.2618	3.2618	3.2618	3.2618	3.2618	3.2618	3.2618	3.2618	3.2618	3.2618	4.8720
-1.2224	0.0000	0.6287	0.9969	1.2321	1.4115	1.5357	1.6466	1.7153	1.7903	1.8348	1.8513	1.8651	1.9104	1.9292	2.0003	1.9566	2.0112	2.0394	2.0394	2.0394	2.0394	2.0394	2.0394	2.0394	2.0394	2.0394	2.0394	2.0394	2.0394	2.0394	2.0394	3.6496
-1.8511	-0.6287	0.0000	0.3682	0.6034	0.7828	0.9070	1.0180	1.0866	1.1616	1.2061	1.2226	1.2365	1.2817	1.3005	1.3717	1.3279	1.3825	1.4107	1.4107	1.4107	1.4107	1.4107	1.4107	1.4107	1.4107	1.4107	1.4107	1.4107	1.4107	1.4107	1.4107	3.0209
-2.2193	-0.9969	-0.3682	0.0000	0.2352	0.4146	0.5388	0.6498	0.7184	0.7934	0.8379	0.8544	0.8683	0.9135	0.9323	1.0035	0.9597	1.0143	1.0425	1.0425	1.0425	1.0425	1.0425	1.0425	1.0425	1.0425	1.0425	1.0425	1.0425	1.0425	1.0425	1.0425	2.6527
-2.4545	-1.2321	-0.6034	-0.2352	0.0000	0.1794	0.3036	0.4145	0.4832	0.5582	0.6027	0.6192	0.6330	0.6783	0.6971	0.7682	0.7245	0.7791	0.8073	0.8073	0.8073	0.8073	0.8073	0.8073	0.8073	0.8073	0.8073	0.8073	0.8073	0.8073	0.8073	0.8073	2.4175
-2.6339	-1.4115	-0.7828	-0.4146	-0.1794	0.0000	0.1242	0.2352	0.3038	0.3788	0.4233	0.4398	0.4537	0.4989	0.5177	0.5888	0.5451	0.5997	0.6279	0.6279	0.6279	0.6279	0.6279	0.6279	0.6279	0.6279	0.6279	0.6279	0.6279	0.6279	0.6279	0.6279	2.2381
-2.7581	-1.5357	-0.9070	-0.5388	-0.3036	-0.1242	0.0000	0.1109	0.1796	0.2546	0.2991	0.3156	0.3294	0.3747	0.3935	0.4646	0.4209	0.4755	0.5037	0.5037	0.5037	0.5037	0.5037	0.5037	0.5037	0.5037	0.5037	0.5037	0.5037	0.5037	0.5037	0.5037	2.1139
-2.8691	-1.6466	-1.0180	-0.6498	-0.4145	-0.2352	-0.1109	0.0000	0.0686	0.1436	0.1882	0.2046	0.2185	0.2638	0.2825	0.3537	0.3100	0.3646	0.3927	0.3927	0.3927	0.3927	0.3927	0.3927	0.3927	0.3927	0.3927	0.3927	0.3927	0.3927	0.3927	0.3927	2.0030
-2.9377	-1.7153	-1.0866	-0.7184	-0.4832	-0.3038	-0.1796	-0.0686	0.0000	0.0750	0.1195	0.1360	0.1499	0.1951	0.2139	0.2851	0.2413	0.2959	0.3241	0.3241	0.3241	0.3241	0.3241	0.3241	0.3241	0.3241	0.3241	0.3241	0.3241	0.3241	0.3241	0.3241	1.9343
-3.0127	-1.7903	-1.1616	-0.7934	-0.5582	-0.3788	-0.2546	-0.1436	-0.0750	0.0000	0.0445	0.0610	0.0748	0.1201	0.1389	0.2100	0.1663	0.2209	0.2491	0.2491	0.2491	0.2491	0.2491	0.2491	0.2491	0.2491	0.2491	0.2491	0.2491	0.2491	0.2491	0.2491	1.8593
-3.0572	-1.8348	-1.2061	-0.8379	-0.6027	-0.4233	-0.2991	-0.1882	-0.1195	-0.0445	0.0000	0.0165	0.0303	0.0756	0.0944	0.1655	0.1218	0.1764	0.2046	0.2046	0.2046	0.2046	0.2046	0.2046	0.2046	0.2046	0.2046	0.2046	0.2046	0.2046	0.2046	0.2046	1.8148
-3.0737	-1.8513	-1.2226	-0.8544	-0.6192	-0.4398	-0.3156	-0.2046	-0.1360	-0.0610	-0.0165	0.0000	0.0139	0.0591	0.0779	0.1490	0.1053	0.1599	0.1881	0.1881	0.1881	0.1881	0.1881	0.1881	0.1881	0.1881	0.1881	0.1881	0.1881	0.1881	0.1881	0.1881	1.7983
-3.0876	-1.8651	-1.2365	-0.8683	-0.6330	-0.4537	-0.3294	-0.2185	-0.1499	-0.0748	-0.0303	-0.0139	0.0000	0.0453	0.0640	0.1352	0.0915	0.1461	0.1743	0.1743	0.1743	0.1743	0.1743	0.1743	0.1743	0.1743	0.1743	0.1743	0.1743	0.1743	0.1743	0.1743	1.7845
-3.1328	-1.9104	-1.2817	-0.9135	-0.6783	-0.4989	-0.3747	-0.2638	-0.1951	-0.1201	-0.0756	-0.0591	-0.0453	0.0000	0.0188	0.0899	0.0462	0.1008	0.1290	0.1290	0.1290	0.1290	0.1290	0.1290	0.1290	0.1290	0.1290	0.1290	0.1290	0.1290	0.1290	0.1290	1.7392
-3.1516	-1.9292	-1.3005	-0.9323	-0.6971	-0.5177	-0.3935	-0.2825	-0.2139	-0.1389	-0.0944	-0.0779	-0.0640	-0.0188	0.0000	0.0712	0.0274	0.0820	0.1102	0.1102	0.1102	0.1102	0.1102	0.1102	0.1102	0.1102	0.1102	0.1102	0.1102	0.1102	0.1102	0.1102	1.7204
-3.2228	-2.0003	-1.3717	-1.0035	-0.7682	-0.5888	-0.4646	-0.3537	-0.2851	-0.2100	-0.1655	-0.1490	-0.1352	-0.0899	-0.0712	0.0000	-0.0437	0.0109	0.0391	0.0391	0.0391	0.0391	0.0391	0.0391	0.0391	0.0391	0.0391	0.0391	0.0391	0.0391	0.0391	0.0391	1.6493
-3.1791	-1.9566	-1.3279	-0.9597	-0.7245	-0.5451	-0.4209	-0.3100	-0.2413	-0.1663	-0.1218	-0.1053	-0.0915	-0.0462	-0.0274	0.0437	0.0000	0.0546	0.0828	0.0828	0.0828	0.0828	0.0828	0.0828	0.0828	0.0828	0.0828	0.0828	0.0828	0.0828	0.0828	0.0828	1.6930
-3.2336	-2.0112	-1.3825	-1.0143	-0.7791	-0.5997	-0.4755	-0.3646	-0.2959	-0.2209	-0.1764	-0.1599	-0.1461	-0.1008	-0.0820	-0.0109	-0.0546	0.0000	0.0282	0.0282	0.0282	0.0282	0.0282	0.0282	0.0282	0.0282	0.0282	0.0282	0.0282	0.0282	0.0282	0.0282	1.6384
-3.2618	-2.0394	-1.4107	-1.0425	-0.8073	-0.6279	-0.5037	-0.3927	-0.3241	-0.2491	-0.2046	-0.1881	-0.1743	-0.1290	-0.1102	-0.0391	-0.0828	-0.0282	0.0000	0.0000	0.0000	0.0000	0.0000	0.0000	0.0000	0.0000	0.0000	0.0000	0.0000	0.0000	0.0000	0.0000	1.6102
-3.2618	-2.0394	-1.4107	-1.0425	-0.8073	-0.6279	-0.5037	-0.3927	-0.3241	-0.2491	-0.2046	-0.1881	-0.1743	-0.1290	-0.1102	-0.0391	-0.0828	-0.0282	0.0000	0.0000	0.0000	0.0000	0.0000	0.0000	0.0000	0.0000	0.0000	0.0000	0.0000	0.0000	0.0000	0.0000	1.6102
-3.2618	-2.0394	-1.4107	-1.0425	-0.8073	-0.6279	-0.5037	-0.3927	-0.3241	-0.2491	-0.2046	-0.1881	-0.1743	-0.1290	-0.1102	-0.0391	-0.0828	-0.0282	0.0000	0.0000	0.0000	0.0000	0.0000	0.0000	0.0000	0.0000	0.0000	0.0000	0.0000	0.0000	0.0000	0.0000	1.6102
-3.2618	-2.0394	-1.4107	-1.0425	-0.8073	-0.6279	-0.5037	-0.3927	-0.3241	-0.2491	-0.2046	-0.1881	-0.1743	-0.1290	-0.1102	-0.0391	-0.0828	-0.0282	0.0000	0.0000	0.0000	0.0000	0.0000	0.0000	0.0000	0.0000	0.0000	0.0000	0.0000	0.0000	0.0000	0.0000	1.6102
-3.2618	-2.0394	-1.4107	-1.0425	-0.8073	-0.6279	-0.5037	-0.3927	-0.3241	-0.2491	-0.2046	-0.1881	-0.1743	-0.1290	-0.1102	-0.0391	-0.0828	-0.0282	0.0000	0.0000	0.0000	0.0000	0.0000	0.0000	0.0000	0.0000	0.0000	0.0000	0.0000	0.0000	0.0000	0.0000	1.6102
-3.2618	-2.0394	-1.4107	-1.0425	-0.8073	-0.6279	-0.5037	-0.3927	-0.3241	-0.2491	-0.2046	-0.1881	-0.1743	-0.1290	-0.1102	-0.0391	-0.0828	-0.0282	0.0000	0.0000	0.0000	0.0000	0.0000	0.0000	0.0000	0.0000	0.0000	0.0000	0.0000	0.0000	0.0000	0.0000	1.6102
-3.2618	-2.0394	-1.4107	-1.0425	-0.8073	-0.6279	-0.5037	-0.3927	-0.3241	-0.2491	-0.2046	-0.1881	-0.1743	-0.1290	-0.1102	-0.0391	-0.0828	-0.0282	0.0000	0.0000	0.0000	0.0000	0.0000	0.0000	0.0000	0.0000	0.0000	0.0000	0.0000	0.0000	0.0000	0.0000	1.6102
-3.2618	-2.0394	-1.4107	-1.0425	-0.8073	-0.6279	-0.5037	-0.3927	-0.3241	-0.2491	-0.2046	-0.1881	-0.1743	-0.1290	-0.1102	-0.0391	-0.0828	-0.0282	0.0000	0.0000	0.0000	0.0000	0.0000	0.0000	0.0000	0.0000	0.0000	0.0000	0.0000	0.0000	0.0000	0.0000	1.6102
-3.2618	-2.0394	-1.4107	-1.0425	-0.8073	-0.6279	-0.5037	-0.3927	-0.3241	-0.2491	-0.2046	-0.1881	-0.1743	-0.1290	-0.1102	-0.0391	-0.0828	-0.0282	0.0000	0.0000	0.0000	0.0000	0.0000	0.0000	0.0000	0.0000	0.0000	0.0000	0.0000	0.0000	0.0000	0.0000	1.6102
-3.2618	-2.0394	-1.4107	-1.0425	-0.8073	-0.6279	-0.5037	-0.3927	-0.3241	-0.2491	-0.2046	-0.1881	-0.1743	-0.1290	-0.1102	-0.0391	-0.0828	-0.0282	0.0000	0.0000	0.0000	0.0000	0.0000	0.0000	0.0000	0.0000	0.0000	0.0000	0.0000	0.0000	0.0000	0.0000	1.6102
-3.2618	-2.0394	-1.4107	-1.0425	-0.8073	-0.6279	-0.5037	-0.3927	-0.3241	-0.2491	-0.2046	-0.1881	-0.1743	-0.1290	-0.1102	-0.0391	-0.0828	-0.0282	0.0000	0.0000	0.0000	0.0000	0.0000	0.0000	0.0000	0.0000	0.0000	0.0000	0.0000	0.0000	0.0000	0.0000	1.6102
-3.2618	-2.0394	-1.4107	-1.0425	-0.8073	-0.6279	-0.5037	-0.3927	-0.3241	-0.2491	-0.2046	-0.1881	-0.1743	-0.1290	-0.1102	-0.0391	-0.0828	-0.0282	0.0000	0.0000	0.0000	0.0000	0.0000	0.0000	0.0000	0.0000	0.0000	0.0000	0.0000	0.0000	0.0000	0.0000	1.6102
-3.2618	-2.0394	-1.4107	-1.0425	-0.8073	-0.6279	-0.5037	-0.3927	-0.3241	-0.2491	-0.2046	-0.1881	-0.1743	-0.1290	-0.1102	-0.0391	-0.0828	-0.0282	0.0000	0.0000	0.0000	0.0000	0.0000	0.0000	0.0000	0.0000	0.0000	0.0000	0.0000	0.0000	0.0000	0.0000	1.6102
-3.2618	-2.0394	-1.4107	-1.0425	-0.8073	-0.6279	-0.5037	-0.3927	-0.3241	-0.2491	-0.2046	-0.1881	-0.1743	-0.1290	-0.1102	-0.0391	-0.0828	-0.0282	0.0000	0.0000	0.0000	0.0000	0.0000	0.0000	0.0000	0.0000	0.0000	0.0000	0.0000	0.0000	0.0000	0.0000	1.6102
-4.8720	-3.6496	-3.0209	-2.6527	-2.4175	-2.2381	-2.1139	-2.0030	-1.9343	-1.8593	-1.8148	-1.7983	-1.7845	-1.7392	-1.7204	-1.6493	-1.6930	-1.6384	-1.6102	-1.6102	-1.6102	-1.6102	-1.6102	-1.6102	-1.6102	-1.6102	-1.6102	-1.6102	-1.6102	-1.6102	-1.6102	-1.6102	0.0000
