### Mat_dE_el_PtK2K_PtK3K_mCP_NPB_HDI_TDI_B3LYP_6-31Gs.dat dE_in_el in eV matrix (Def: Sx=Spalte)) S1= PtK2K, S2= PtK3K , S3=mCP B, S4=NPB, S5=HID__; S6=TDI 
0.0000	0.4242	-1.1156	-0.6015	1.9129	1.5508
-0.4242	0.0000	-1.5398	-1.0258	1.4886	1.1266
1.1156	1.5398	0.0000	0.5141	3.0284	2.6664
0.6015	1.0258	-0.5141	0.0000	2.5144	2.1523
-1.9129	-1.4886	-3.0284	-2.5144	0.0000	-0.3621
-1.5508	-1.1266	-2.6664	-2.1523	0.3621	0.0000
