### Mat_dE_lo_PtK2K_PtK3K_mCP_NPB_HDI_TDI_B3LYP_6-31Gs.dat dE_lo_el in eV matrix (Def: Sx=Spalte)) S1= PtK2K, S2= PtK3K , S3=mCP B, S4=NPB, S5=HID__; S6=TDI 
0.0000	-0.6825	0.2461	1.3178	0.7392	0.1407
0.6825	0.0000	0.9286	2.0003	1.4217	0.8232
-0.2461	-0.9286	0.0000	1.0717	0.4931	-0.1054
-1.3178	-2.0003	-1.0717	0.0000	-0.5786	-1.1771
-0.7392	-1.4217	-0.4931	0.5786	0.0000	-0.5985
-0.1407	-0.8232	0.1054	1.1771	0.5985	0.0000
